projid	delta_MMSE_clin	delta_MMSE_clin_gen
617643	-0.52472435	-0.52472435
696418	1.03288352	1.03288352
1243685	1.02299453	1.02299453
1266704	-0.531660309999999	-0.531660309999999
1797756	-0.715189500000001	-0.715189500000001
2136155	-0.00879328999999984	-0.00879328999999984
2188675	0.336125450000001	0.336125450000001
2657173	-1.77896141	-1.77896141
2673641	0.64953693	0.64953693
2899847	-0.116029619999999	-0.116029619999999
3227207	0.500242449999998	0.500242449999998
3430444	-0.0720149799999987	-0.0720149799999987
4330337	0.621505020000001	0.621505020000001
4879843	-0.656280039999999	-0.656280039999999
5102083	-0.501074840000001	-0.501074840000001
5689621	-1.10370764	-1.10370764
6769734	0.79573353	0.79573353
6881437	-0.984866929999999	-0.984866929999999
7142937	0.468738120000001	0.468738120000001
7265221	-1.02273206	-1.02273206
7311370	-0.223665889999999	-0.223665889999999
8132197	0.708056890000002	0.708056890000002
8682642	0.1758475	0.1758475
8891975	-1.12532507	-1.12532507
9508427	1.05271491	1.05271491
9650662	0.170297380000001	0.170297380000001
9986931	-0.127823100000001	-0.127823100000001
12799845	0.85905399	0.85905399
13447030	-0.321801449999999	-0.321801449999999
14397423	-1.41511017	-1.41511017
14696573	0.746835619999999	0.746835619999999
15373321	-0.558063749999999	-0.558063749999999
17219510	-0.880839460000001	-0.880839460000001
17255334	-0.44557928	-0.44557928
17260313	-0.93511105	-0.93511105
17413576	-0.0994283899999999	-0.0994283899999999
18112988	0.487804919999999	0.487804919999999
19325445	-0.769695209999998	-0.769695209999998
22644848	-0.670523379999999	-0.670523379999999
22865387	-0.428447739999999	-0.428447739999999
22868024	-0.180760800000002	-0.180760800000002
23601829	0.878824739999999	0.878824739999999
23892088	0.968629750000002	0.968629750000002
24073245	-0.601728909999999	-0.601728909999999
24680888	-0.514138089999999	-0.514138089999999
25580771	0.770314599999999	0.770314599999999
25837301	-1.04424676	-1.04424676
25939172	0.00545147000000057	0.00545147000000057
25974431	-2.64300828	-2.64300828
26929170	0.0223209699999991	0.0223209699999991
26938063	-0.099332780000001	-0.099332780000001
27054288	-0.493499589999999	-0.493499589999999
27083391	-0.0397701599999998	-0.0397701599999998
27481601	-0.570748269999999	-0.570748269999999
27865599	-0.874683869999998	-0.874683869999998
28314511	0.0321357300000003	0.0321357300000003
29278716	-0.44561345	-0.44561345
29306403	-0.116711649999999	-0.116711649999999
29629849	-4.96716801	-4.96716801
29821047	0.080132540000001	0.080132540000001
29933130	0.0355181500000015	0.0355181500000015
30257786	-0.192162270000001	-0.192162270000001
30261598	-0.24013188	-0.24013188
30311425	-0.301138630000001	-0.301138630000001
30663686	-4.35506584	-4.35506584
30819298	-4.06116758	-4.06116758
31533749	1.10247778	1.10247778
31587865	0.203322249999999	0.203322249999999
31813134	0.409568419999999	0.409568419999999
31914288	1.41384937	1.41384937
31989791	-0.123645660000001	-0.123645660000001
32689956	-0.0665556299999999	-0.0665556299999999
33006377	0.712123270000003	0.712123270000003
33062311	0.128401159999999	0.128401159999999
33084399	-0.722666839999999	-0.722666839999999
33332646	0.34242025	0.34242025
33400773	0.345064130000001	0.345064130000001
33501827	0.83615576	0.83615576
34108468	0.183605780000001	0.183605780000001
35286551	1.96962459	1.96962459
35458631	0.25565709	0.25565709
35592862	-1.26766922	-1.26766922
35941263	-0.38733023	-0.38733023
36087310	-0.495381259999998	-0.495381259999998
36128228	-0.5602874	-0.5602874
36379885	0.53168354	0.53168354
36751041	0.295206650000001	0.295206650000001
36951779	-0.238091829999998	-0.238091829999998
36953249	-0.294522109999999	-0.294522109999999
37190440	-0.357754329999999	-0.357754329999999
37280555	-0.175511230000001	-0.175511230000001
37439930	0.846641680000001	0.846641680000001
37527863	0.254985919999999	0.254985919999999
37617978	-0.685340050000001	-0.685340050000001
37712486	-0.505414269999999	-0.505414269999999
37759927	0.457824500000001	0.457824500000001
37913381	-1.03257474	-1.03257474
38056377	-0.962475739999999	-0.962475739999999
39136480	0.53497046	0.53497046
39226595	-0.18150245	-0.18150245
39282539	-1.00196092	-1.00196092
39393581	-1.66700555	-1.66700555
39539033	0.91447295	0.91447295
39680713	0.728359739999998	0.728359739999998
40510997	-1.40081444	-1.40081444
40880222	-0.44446155	-0.44446155
41296604	-1.04259227	-1.04259227
41357606	-0.380008230000001	-0.380008230000001
42387756	0.568952639999999	0.568952639999999
42433067	0.0980135799999999	0.0980135799999999
43074402	-0.912786279999999	-0.912786279999999
43191312	-2.64183261	-2.64183261
44019405	-0.442729799999999	-0.442729799999999
44299049	-0.199252470000001	-0.199252470000001
44655449	0.738737449999999	0.738737449999999
44671043	0.0740471599999992	0.0740471599999992
45115248	-1.32562126	-1.32562126
45514725	1.1854308	1.1854308
46189516	0.502111530000001	0.502111530000001
46369736	-0.598226650000001	-0.598226650000001
46516939	-0.0640515300000004	-0.0640515300000004
46808242	-0.468574390000001	-0.468574390000001
47371712	0.678990889999998	0.678990889999998
47520485	0.26088824	0.26088824
47652086	0.142342859999999	0.142342859999999
48748345	0.380407850000001	0.380407850000001
49643021	-1.14102747	-1.14102747
50100356	0.735444220000002	0.735444220000002
50100806	-0.465576810000002	-0.465576810000002
50102088	-4.63407149	-4.63407149
50102240	-0.8410732	-0.8410732
50103417	0.089385029999999	0.089385029999999
50103967	1.21245016	1.21245016
50104134	0.554315679999998	0.554315679999998
50104260	0.044305529999999	0.044305529999999
50104396	-0.26994917	-0.26994917
50104846	-1.44107982	-1.44107982
50104972	0.264689010000001	0.264689010000001
50105563	-4.12856423	-4.12856423
50105987	-1.1183004	-1.1183004
50106316	0.94798475	0.94798475
50106442	-0.342479040000001	-0.342479040000001
50106730	-1.15797807	-1.15797807
50106866	-2.26300898	-2.26300898
50106992	-0.887790119999998	-0.887790119999998
50108048	-0.24185773	-0.24185773
50108462	-0.694540360000001	-0.694540360000001
50108912	0.442628500000001	0.442628500000001
50111971	-0.797466239999999	-0.797466239999999
50112436	0.815662379999999	0.815662379999999
50300110	-0.085936499999999	-0.085936499999999
50300534	-1.89737948	-1.89737948
50300660	0.966961099999999	0.966961099999999
50301675	-0.502467930000002	-0.502467930000002
50301701	-1.06113341	-1.06113341
50302004	0.599283549999999	0.599283549999999
50302392	-0.323047249999998	-0.323047249999998
50302554	0.48362698	0.48362698
50302716	-0.35032773	-0.35032773
50302842	1.29867919	1.29867919
50400709	-0.0599071000000002	-0.0599071000000002
50401264	-1.38774929	-1.38774929
50402143	-1.12408762	-1.12408762
50402431	-3.5812144	-3.5812144
50402981	-0.60773253	-0.60773253
50404299	0.547297010000001	0.547297010000001
50404451	0.721002769999998	0.721002769999998
50404749	-3.90208529	-3.90208529
50406057	-0.90571675	-0.90571675
50406183	0.28955333	0.28955333
50406633	0.387060129999998	0.387060129999998
50410021	0.14418354	0.14418354
50410319	-0.313123910000002	-0.313123910000002
50410445	0.303776760000002	0.303776760000002
50500000	-0.779560310000001	-0.779560310000001
50500424	0.0493145199999994	0.0493145199999994
50502606	0.487645929999999	0.487645929999999
51129205	-0.699208110000001	-0.699208110000001
51400993	-1.10442797	-1.10442797
51791453	0.874242070000001	0.874242070000001
51815338	-0.906540629999999	-0.906540629999999
51864085	-1.86277685	-1.86277685
52298793	0.165274969999999	0.165274969999999
52731249	0.302877219999999	0.302877219999999
52940446	1.25900457	1.25900457
53356828	-0.70214421	-0.70214421
53389845	-0.59475539	-0.59475539
53422197	-1.02386631	-1.02386631
54324848	-0.504237960000001	-0.504237960000001
55392868	-0.19780072	-0.19780072
56416937	-0.19102393	-0.19102393
56629174	0.203712670000002	0.203712670000002
56696733	-4.16927546	-4.16927546
57442623	-0.0630053100000012	-0.0630053100000012
57597479	0.268820900000001	0.268820900000001
58014515	1.34446564	1.34446564
58199939	-0.42874909	-0.42874909
58458351	-1.32270028	-1.32270028
59618707	0.43509122	0.43509122
61389630	0.26883016	0.26883016
62301938	-0.469985220000002	-0.469985220000002
62574447	-0.602017109999998	-0.602017109999998
64150173	1.12185573	1.12185573
64635241	-0.18048756	-0.18048756
65001607	0.000797989999998805	0.000797989999998805
67216828	0.326339229999999	0.326339229999999
67531158	1.07292444	1.07292444
67831051	0.707058020000002	0.707058020000002
68419063	0.25784505	0.25784505
68725248	0.71342001	0.71342001
68778359	-0.60124485	-0.60124485
69187342	0.0223151500000007	0.0223151500000007
69577198	-0.328072460000001	-0.328072460000001
69982533	-0.478047010000001	-0.478047010000001
71514280	0.978481720000001	0.978481720000001
72076711	-0.221191749999999	-0.221191749999999
72188804	0.992672800000001	0.992672800000001
72205714	1.7400853	1.7400853
72347501	-0.21937874	-0.21937874
73369061	-0.848985819999999	-0.848985819999999
73763467	1.01356698	1.01356698
74078795	-1.1222586	-1.1222586
74494179	-2.75221872	-2.75221872
74753465	1.02182613	1.02182613
75169847	-0.912581769999999	-0.912581769999999
75262623	-0.504207569999998	-0.504207569999998
75675336	-0.0468853100000004	-0.0468853100000004
75833578	0.705749480000001	0.705749480000001
75862131	0.3814104	0.3814104
76431098	0.431013270000001	0.431013270000001
76733461	-1.30922207	-1.30922207
77273914	-0.369841340000001	-0.369841340000001
77689940	-0.0753406299999995	-0.0753406299999995
77868579	0.507587319999999	0.507587319999999
77891596	-0.601109480000002	-0.601109480000002
78195885	-3.40130046	-3.40130046
79462793	0.20998964	0.20998964
79501267	-0.0439206399999996	-0.0439206399999996
79692387	0.561524169999998	0.561524169999998
79938680	-0.464359569999999	-0.464359569999999
80606718	-0.28419092	-0.28419092
81086436	-0.812993580000001	-0.812993580000001
81795552	0.39839855	0.39839855
81852640	-0.889680590000001	-0.889680590000001
81874628	-0.155253259999999	-0.155253259999999
82455953	0.798577460000001	0.798577460000001
82617423	-0.539596889999999	-0.539596889999999
82684406	-0.513247549999999	-0.513247549999999
83721144	-1.27739893	-1.27739893
84248280	1.12162517	1.12162517
84642424	-3.377864211	-3.377864211
84653463	0.706373859999999	0.706373859999999
84945776	-0.659464270000001	-0.659464270000001
84949680	-0.235563580000001	-0.235563580000001
85328131	0.12074827	0.12074827
85584353	-0.861344590000002	-0.861344590000002
85925902	-0.34418338	-0.34418338
86127970	-0.798843649999998	-0.798843649999998
86274610	-0.871388750000001	-0.871388750000001
86880662	-0.486952380000002	-0.486952380000002
86903794	1.14197516	1.14197516
87195990	-0.909565870000002	-0.909565870000002
87208386	1.04498302	1.04498302
87330987	-0.75886173	-0.75886173
87555330	-1.57877392	-1.57877392
88106709	-0.119255750000001	-0.119255750000001
88499289	0.33809686	0.33809686
89512181	-0.320834309999999	-0.320834309999999
89546375	-0.335091760000001	-0.335091760000001
90021936	0.277731679999999	0.277731679999999
90100426	0.446836470000001	0.446836470000001
90155007	1.13230562	1.13230562
90267190	-0.637099370000001	-0.637099370000001
90434801	-0.867453250000001	-0.867453250000001
90544686	0.329970500000002	0.329970500000002
90977195	-0.101463500000001	-0.101463500000001
91525115	1.62297521	1.62297521
91707643	-0.344925480000001	-0.344925480000001
91897758	0.0886960099999996	0.0886960099999996
92113025	-1.62336398	-1.62336398
92371267	0.322468690000001	0.322468690000001
92427316	-0.0960127700000015	-0.0960127700000015
93103023	0.102382670000001	0.102382670000001
94205114	0.863659770000002	0.863659770000002
96140000	-0.949229809999999	-0.949229809999999
97749823	-0.364255960000001	-0.364255960000001
97882751	-0.582417700000001	-0.582417700000001
98096223	-1.53582715	-1.53582715
98322204	1.04341264	1.04341264
98506202	0.22155806	0.22155806
99367207	0.276548770000002	0.276548770000002
99693576	-0.0802290300000017	-0.0802290300000017
99809748	-0.560149320000001	-0.560149320000001
2495739	-0.84317849	-0.84317849
10100286	0.25414511	0.25414511
10100448	-0.526497790000001	-0.526497790000001
10100998	-1.44237849	-1.44237849
10101039	-1.45423842	-1.45423842
10101615	-0.0869501899999996	-0.0869501899999996
10101741	1.51402798	1.51402798
10149161	-1.18301838	-1.18301838
10204365	-0.663698440000001	-0.663698440000001
10208143	-0.993643160000001	-0.993643160000001
10221262	-0.603068019999998	-0.603068019999998
10228075	-1.01578509	-1.01578509
10233504	-1.20003296	-1.20003296
10248033	0.202131949999998	0.202131949999998
10255456	1.17714839	1.17714839
10288185	-0.506838720000001	-0.506838720000001
10290427	-0.270757159999999	-0.270757159999999
10292311	-0.865900910000001	-0.865900910000001
10298957	-1.37177177	-1.37177177
10345561	-0.529160650000001	-0.529160650000001
10395061	0.119058979999998	0.119058979999998
10425642	-3.810491651	-3.810491651
10430919	-3.99664493	-3.99664493
10433070	0.502117989999999	0.502117989999999
10435090	-5.29067502	-5.29067502
10439580	0.814034199999998	0.814034199999998
10442413	-1.40446437	-1.40446437
10442701	0.23228323	0.23228323
10480383	-3.85280004	-3.85280004
10484873	-0.67806452	-0.67806452
10488101	0.0127933400000018	0.0127933400000018
10494519	-0.44877614	-0.44877614
10502798	-0.946593880000002	-0.946593880000002
10509637	-0.23577526	-0.23577526
10510090	1.60321389	1.60321389
10516762	-0.960592429999998	-0.960592429999998
10524640	-1.8839123	-1.8839123
10533083	-0.621478889999999	-0.621478889999999
10551157	-0.624467599999999	-0.624467599999999
10577887	-0.261649590000001	-0.261649590000001
10684501	0.125965999999998	0.125965999999998
10901987	0.0227150499999986	0.0227150499999986
10916128	-0.639021799999998	-0.639021799999998
10986136	-1.38722086	-1.38722086
11030909	-0.61953046	-0.61953046
11039282	-0.900437449999998	-0.900437449999998
11045988	-0.521126129999999	-0.521126129999999
11082005	-0.841342740000002	-0.841342740000002
11119101	0.0869645299999995	0.0869645299999995
11145865	-0.648088019999999	-0.648088019999999
11240247	0.374893060000002	0.374893060000002
11275158	-4.10283405	-4.10283405
11302830	-1.19600831	-1.19600831
11336574	-5.18632947	-5.18632947
11345331	-0.55128178	-0.55128178
11349821	-0.184047970000002	-0.184047970000002
11371707	-1.24996764	-1.24996764
11390174	0.34923311	0.34923311
11392518	-3.65279058	-3.65279058
11408227	-1.54766082	-1.54766082
11409232	-0.971078510000002	-0.971078510000002
11444465	-0.60291222	-0.60291222
11444591	-0.526674209999999	-0.526674209999999
11460357	-0.38479413	-0.38479413
11464261	-3.91245746	-3.91245746
11605894	0.370175199999998	0.370175199999998
11612505	0.96239327	0.96239327
11619606	-0.312073139999999	-0.312073139999999
11630679	-0.19260246	-0.19260246
11632851	0.198505619999999	0.198505619999999
11649850	-0.734798659999999	-0.734798659999999
11661126	0.141913280000001	0.141913280000001
11669232	-0.692902870000001	-0.692902870000001
15108504	-1.29658775	-1.29658775
15110134	-4.36242005	-4.36242005
15111013	-0.0539507000000015	-0.0539507000000015
15141429	0.977221879999998	0.977221879999998
15144878	-1.18076247	-1.18076247
15147641	0.43441911	0.43441911
15148520	-4.45740511	-4.45740511
15182748	-1.02033312	-1.02033312
15196424	0.306810330000001	0.306810330000001
15420223	-0.331810319999999	-0.331810319999999
15436055	0.0156924099999998	0.0156924099999998
15461128	-0.84898561	-0.84898561
15483818	-0.139050050000002	-0.139050050000002
15706704	-0.301883920000002	-0.301883920000002
15763627	0.0776011799999985	0.0776011799999985
15773499	-1.25622351	-1.25622351
15846869	-1.10523655	-1.10523655
15857934	-0.667261759999999	-0.667261759999999
15897112	-0.0905117100000012	-0.0905117100000012
18932470	-0.51239069	-0.51239069
19621010	-1.38257954	-1.38257954
20104101	-0.85718593	-0.85718593
20110807	-1.64780234	-1.64780234
20115276	-1.47369221	-1.47369221
20120255	-1.88300356	-1.88300356
20124321	-0.942649759999998	-0.942649759999998
20131870	-1.69146485	-1.69146485
20133764	-4.33986687	-4.33986687
20139562	-0.938752130000001	-0.938752130000001
20152393	-0.153915120000001	-0.153915120000001
20153010	-0.0307580200000004	-0.0307580200000004
20153272	-1.0024062	-1.0024062
20153858	-0.384546239999999	-0.384546239999999
20160019	-4.75524862	-4.75524862
20162877	-1.02507916	-1.02507916
20164059	-0.885731289999999	-0.885731289999999
20173942	-4.01582088	-4.01582088
20174533	-1.58892572	-1.58892572
20177306	-0.917105889999998	-0.917105889999998
20178159	-1.04558006	-1.04558006
20178447	-1.03976255	-1.03976255
20179164	-0.740485830000001	-0.740485830000001
20187042	-0.175320500000002	-0.175320500000002
20201891	-0.90295845	-0.90295845
20202806	-0.32367683	-0.32367683
20204114	-0.581180249999999	-0.581180249999999
20218890	0.825856850000001	0.825856850000001
20222990	-0.61495	-0.61495
20223617	-0.532979269999998	-0.532979269999998
20232474	-4.79080853	-4.79080853
20233939	-0.241249410000002	-0.241249410000002
20235373	-0.0952859699999991	-0.0952859699999991
20248206	-0.38923252	-0.38923252
20252720	0.0221149400000016	0.0221149400000016
20254326	-2.4827216	-2.4827216
20254614	-0.929016799999999	-0.929016799999999
20254902	-2.84904735	-2.84904735
20257937	0.390399739999999	0.390399739999999
20258528	-0.277566419999999	-0.277566419999999
20261037	0.189583639999999	0.189583639999999
20264936	-1.24115502	-1.24115502
20265491	-0.330493050000001	-0.330493050000001
20266118	-0.380092650000002	-0.380092650000002
20276430	-1.57622536	-1.57622536
20278324	-0.596492359999999	-0.596492359999999
20283691	-4.53278553	-4.53278553
20294342	-0.409840030000002	-0.409840030000002
20297403	-2.08248153	-2.08248153
20297791	-0.398654459999999	-0.398654459999999
20299973	-0.777445109999999	-0.777445109999999
20311676	0.664946329999999	0.664946329999999
20368565	-0.81975439	-0.81975439
20371236	-1.06920175	-1.06920175
20372539	-1.56804914	-1.56804914
20402408	-4.35178334	-4.35178334
20416210	-0.635289440000001	-0.635289440000001
20431359	-0.359783499999999	-0.359783499999999
20447343	-1.45611197	-1.45611197
20474724	-0.916583960000001	-0.916583960000001
20487369	-0.226150570000001	-0.226150570000001
20492186	-4.47232306	-4.47232306
20494368	-1.12697691	-1.12697691
20501668	0.0729414199999994	0.0729414199999994
20503840	0.34780606	0.34780606
20506325	-1.20830712	-1.20830712
20522343	0.525767999999999	0.525767999999999
20530195	-3.61346148	-3.61346148
20532115	0.0340330000000009	0.0340330000000009
20535564	-0.575658010000001	-0.575658010000001
20540417	0.0295314100000006	0.0295314100000006
20544321	0.0219631599999985	0.0219631599999985
20551582	-1.59032052	-1.59032052
20559562	-1.06977462	-1.06977462
20570409	-0.262966209999998	-0.262966209999998
20574151	0.871346509999999	0.871346509999999
20594407	-0.0117649799999988	-0.0117649799999988
20594669	-0.204392380000002	-0.204392380000002
20603727	-0.535974929999998	-0.535974929999998
20611993	-0.626652780000001	-0.626652780000001
20613887	0.229113529999999	0.229113529999999
20626558	-1.44864321	-1.44864321
20631825	-1.35468593	-1.35468593
20646778	-0.79399235	-0.79399235
20649389	-0.12208438	-0.12208438
20667589	-0.03453558	-0.03453558
20674902	-2.02050883	-2.02050883
20695263	-1.06471985	-1.06471985
20726273	-0.531956399999999	-0.531956399999999
20739944	-1.1276718	-1.1276718
20764143	-0.269922900000001	-0.269922900000001
20774339	-0.331756850000001	-0.331756850000001
20794261	-1.90993569	-1.90993569
20798913	-0.23434593	-0.23434593
20877791	-0.0251628799999999	-0.0251628799999999
20901448	0.0160755299999984	0.0160755299999984
20905352	-4.92735586	-4.92735586
20906079	-0.35932961	-0.35932961
20917694	0.58010921	0.58010921
20921532	0.113756930000001	0.113756930000001
20921794	-0.563010779999999	-0.563010779999999
20925446	-3.94630397	-3.94630397
20925996	-0.0368915100000002	-0.0368915100000002
20929774	0.12499614	0.12499614
20935218	-0.17550821	-0.17550821
20936061	-0.11880455	-0.11880455
20936511	-0.486403899999999	-0.486403899999999
20945666	-1.13399927	-1.13399927
20946121	-0.229580009999999	-0.229580009999999
20946545	0.73290678	0.73290678
20949570	-0.753923619999998	-0.753923619999998
20950807	-0.48495557	-0.48495557
20951100	-0.210890060000001	-0.210890060000001
20953832	-0.426964959999999	-0.426964959999999
20954009	0.0348590900000012	0.0348590900000012
20956605	-0.56754252	-0.56754252
20959216	0.12570169	0.12570169
20959766	0.782226510000001	0.782226510000001
20962563	-0.14787295	-0.14787295
20964295	-0.301438520000001	-0.301438520000001
20966477	-0.381207880000002	-0.381207880000002
20966927	0.729247189999999	0.729247189999999
20969114	0.27459687	0.27459687
20971294	-0.983664529999999	-0.983664529999999
20973638	-0.151125350000001	-0.151125350000001
20973890	-0.626427	-0.626427
20974193	0.22736136	0.22736136
20980187	-1.39281266	-1.39281266
20986435	-1.86625611	-1.86625611
20995742	0.00105165000000085	0.00105165000000085
21000342	0.382605380000001	0.382605380000001
21000766	-0.534822269999999	-0.534822269999999
21001195	-0.540882929999999	-0.540882929999999
21001221	-1.29427085	-1.29427085
21001357	0.14394429	0.14394429
21002074	0.404849769999998	0.404849769999998
21002100	-0.14093407	-0.14093407
21002236	-0.63513507	-0.63513507
21002524	-1.60878739	-1.60878739
21103542	-0.875858019999999	-0.875858019999999
21113576	0.0736795400000005	0.0736795400000005
21117516	-0.0144342799999997	-0.0144342799999997
21119086	-1.58938347	-1.58938347
21125818	-0.532939150000001	-0.532939150000001
21128131	0.281393520000002	0.281393520000002
21133372	-0.214176040000002	-0.214176040000002
21138327	-1.45843283	-1.45843283
21153754	0.28869478	0.28869478
21155350	-0.8201863	-0.8201863
21156103	-1.3207626	-1.3207626
21159840	-5.53379779	-5.53379779
21172121	-0.0543437599999983	-0.0543437599999983
21172257	0.224141729999999	0.224141729999999
21175732	-0.578717480000002	-0.578717480000002
21176459	0.692280579999998	0.692280579999998
21185180	0.1443349	0.1443349
21188403	-0.600478549999998	-0.600478549999998
21189544	-1.07724201	-1.07724201
21191200	0.0613442500000012	0.0613442500000012
21191624	-0.242187430000001	-0.242187430000001
21213877	-0.61645141	-0.61645141
21214206	-1.28539076	-1.28539076
21232118	-4.34058493	-4.34058493
21246218	-4.42197482	-4.42197482
21274154	-0.301949359999998	-0.301949359999998
21274316	-0.364793519999999	-0.364793519999999
21274578	0.91185643	0.91185643
21274604	-0.77410944	-0.77410944
21274730	-0.569056150000002	-0.569056150000002
21276174	-1.24894848	-1.24894848
21401001	0.286392419999999	0.286392419999999
21401713	-0.0313241099999999	-0.0313241099999999
21402016	-0.982343499999999	-0.982343499999999
21402304	0.395384580000002	0.395384580000002
21404748	-0.37748874	-0.37748874
21408526	-0.119450109999999	-0.119450109999999
21409081	-0.019467989999999	-0.019467989999999
21409243	-1.75760261	-1.75760261
21412590	-1.38807932	-1.38807932
23538323	-0.415342689999999	-0.415342689999999
30544882	-4.16170783	-4.16170783
32666549	0.33567824	0.33567824
37874781	-0.258520659999999	-0.258520659999999
47071819	-1.07376967	-1.07376967
48213489	0.0839530199999992	0.0839530199999992
48319614	0.588944120000001	0.588944120000001
56265406	-0.34742284	-0.34742284
57737709	-0.775275199999999	-0.775275199999999
59407454	0.287262940000002	0.287262940000002
62775766	-0.64743159	-0.64743159
62937100	0.188189569999999	0.188189569999999
64858250	0.44847914	0.44847914
67123238	-1.1706438	-1.1706438
70760860	-0.81617988	-0.81617988
73026243	0.227290979999999	0.227290979999999
75005810	-0.61274087	-0.61274087
77098163	-0.995776580000001	-0.995776580000001
79626445	-0.555882149999999	-0.555882149999999
85186331	-0.338981780000001	-0.338981780000001
87268108	-0.913328369999999	-0.913328369999999
94593487	-0.28984187	-0.28984187
97929179	0.44079717	0.44079717
98627990	0.0472147499999984	0.0472147499999984
