1.184171045474746720e-01 1.526683535184952464e-02 4.325840724747143651e-01
1.206792079482166824e-01 1.695194744028596587e-02 4.401956363935362049e-01
1.229256096065695358e-01 1.870061118096080083e-02 4.477881188024369075e-01
1.251661081463666392e-01 2.042989713029236612e-02 4.554425472098237448e-01
1.274017820880169738e-01 2.212365590907770449e-02 4.631712088631514956e-01
1.296208396043410371e-01 2.388412878523817409e-02 4.708761963011017238e-01
1.318442777641450903e-01 2.551151638374735825e-02 4.787404307276346693e-01
1.340501935357458485e-01 2.720668420505445093e-02 4.865771894227086114e-01
1.362516102902604220e-01 2.883854353387388381e-02 4.945030806285404812e-01
1.384427768017837956e-01 3.045803513800889040e-02 5.024703102107828112e-01
1.406220468562540959e-01 3.207813775556632441e-02 5.104664469467178334e-01
1.427966978432669010e-01 3.361241895569352933e-02 5.185622175914853527e-01
1.449534976729832669e-01 3.520310686794318050e-02 5.266375658062099063e-01
1.471096422597190922e-01 3.664386995790049756e-02 5.348591526644932426e-01
1.492449045603890523e-01 3.816736133980250939e-02 5.430376987847037595e-01
1.513787446517252944e-01 3.952681634116831516e-02 5.513666360299177560e-01
1.534918563194584695e-01 4.094643400262740901e-02 5.596614508337007798e-01
1.556004397502478986e-01 4.218473152022065437e-02 5.680891072668180497e-01
1.576885533413260876e-01 4.345214721344706904e-02 5.764946578786028786e-01
1.597702862261295431e-01 4.455541250712708595e-02 5.850294924687262643e-01
1.618300529512343156e-01 4.569488920293137552e-02 5.935387564535264948e-01
1.638827557884950104e-01 4.665774531332140401e-02 6.021886841814848568e-01
1.659106027453814136e-01 4.767989023199930426e-02 6.107971050049029182e-01
1.679309792227826337e-01 4.850252140738701284e-02 6.195649163612457766e-01
1.699259239946479261e-01 4.936978136785580978e-02 6.283044413672183026e-01
1.719064399516700148e-01 5.010384501408019636e-02 6.371530152395395996e-01
1.738641277443335187e-01 5.081206799793395318e-02 6.460290834520497905e-01
1.757986046219456311e-01 5.148156293050066418e-02 6.549435054870860196e-01
1.777133737617218323e-01 5.202942717469993122e-02 6.639592745316292843e-01
1.795978335115183677e-01 5.260516408837995900e-02 6.729653601692034970e-01
1.814590307226497112e-01 5.305517938563516361e-02 6.820770980722490329e-01
1.832897581132563736e-01 5.346758639908625460e-02 6.912300692633757127e-01
1.850850712335296855e-01 5.389684711647522303e-02 7.003865064726395584e-01
1.868494257051463159e-01 5.420099850777348321e-02 7.096509235760546375e-01
1.885747809980965473e-01 5.448009737378641665e-02 7.189526719074296190e-01
1.902563429039649534e-01 5.477217540157416215e-02 7.282676364816815795e-01
1.918917148343963763e-01 5.504984292467599710e-02 7.376186051527454657e-01
1.934791216050934792e-01 5.523592642891127918e-02 7.470625751328838771e-01
1.950092657410746333e-01 5.544766555398112501e-02 7.565220366985313527e-01
1.964765230636311699e-01 5.569024445928975192e-02 7.659990421915743308e-01
1.978742109899781498e-01 5.597203492165079425e-02 7.754943139192300716e-01
1.991943788868897891e-01 5.630562675646563070e-02 7.850067829227085348e-01
2.004275605704210483e-01 5.670906144989438374e-02 7.945330210030708828e-01
2.015624843879346151e-01 5.720726620948022451e-02 8.040665487183908944e-01
2.025857373635137071e-01 5.783365097003505956e-02 8.135970030756469740e-01
2.034813821711604631e-01 5.863177312879366138e-02 8.231091523960051282e-01
2.042305298885335185e-01 5.965688841561824635e-02 8.325817539252344801e-01
2.048108784615206845e-01 6.097709189923592593e-02 8.419862643093537491e-01
2.051962376628927998e-01 6.267362534217868486e-02 8.512854366600343115e-01
2.053560772315541350e-01 6.483982409551131143e-02 8.604318734133500346e-01
2.052459697158615093e-01 6.751230651300318963e-02 8.694194169211846290e-01
2.048220466356283631e-01 7.083683416432873248e-02 8.781548094213618150e-01
2.040278135735147935e-01 7.492401251434471776e-02 8.865591676373156815e-01
2.028015675143377550e-01 7.990080987920336608e-02 8.945188352448593117e-01
2.010581789536889374e-01 8.585483922161535331e-02 9.019318282599293468e-01
1.987362359214199792e-01 9.290597830386743139e-02 9.086084534989210537e-01
1.957742725144395179e-01 1.010876277944414148e-01 9.143781447647730820e-01
1.921441188926867605e-01 1.103521201696729959e-01 9.190750446988984468e-01
1.878662882780125498e-01 1.205451376531934127e-01 9.225820394905164257e-01
1.830184811728703953e-01 1.314159172450947433e-01 9.248666410847632413e-01
1.777206621575112000e-01 1.426659833592995585e-01 9.259939878322414053e-01
1.720999573907560365e-01 1.540183951559782327e-01 9.261018403506496854e-01
1.662745976071683951e-01 1.652559388531382456e-01 9.253603553301292806e-01
1.603425103006931862e-01 1.762315605902502746e-01 9.239396158105700474e-01
1.543789092713431510e-01 1.868594516345233325e-01 9.219905412256925725e-01
1.484392904612238384e-01 1.970989730153829833e-01 9.196378996375542680e-01
1.425643756102370485e-01 2.069391735632383211e-01 9.169807645544476582e-01
1.367849434562999622e-01 2.163868859728247385e-01 9.140962569134459814e-01
1.311257296984884024e-01 2.254586303807439296e-01 9.110440432899464813e-01
1.256086562144079211e-01 2.341753118030491243e-01 9.078707114722016636e-01
1.202729120481024483e-01 2.425493236692947141e-01 9.046274189328779025e-01
1.151194270229807526e-01 2.506148249857426125e-01 9.013280257251915506e-01
1.101743412136888811e-01 2.583909249337121850e-01 8.979993248815829610e-01
1.054699129400252233e-01 2.658934291057078458e-01 8.946679882335365486e-01
1.010120073407004548e-01 2.731503942550675967e-01 8.913341104586295360e-01
9.684739279453219440e-02 2.801692338785490843e-01 8.880280068991498466e-01
9.297879045920706687e-02 2.869771653291958158e-01 8.847392955168079665e-01
8.945391105892372408e-02 2.935798208052282088e-01 8.814937537842206794e-01
8.628096535104604059e-02 2.999992592469437058e-01 8.782807564461386773e-01
8.350123571371803610e-02 3.062417481803851316e-01 8.751184299120287058e-01
8.112902775166794256e-02 3.123233994369195021e-01 8.720005986543710730e-01
7.919168179508068173e-02 3.182527573105213281e-01 8.689346882830586427e-01
7.770807745794638954e-02 3.240394777313846952e-01 8.659231516403564921e-01
7.668746937642248462e-02 3.296944296541879926e-01 8.629626042002797037e-01
7.614566266198188882e-02 3.352225495899214813e-01 8.600626637030214239e-01
7.607787746794944517e-02 3.406341468572134934e-01 8.572167726154378276e-01
7.648041800443239335e-02 3.459357018716172627e-01 8.544264311542515422e-01
7.734525251706114712e-02 3.511320679642527809e-01 8.516963491022030430e-01
7.865155048412769689e-02 3.562309460203693101e-01 8.490211787556319889e-01
8.037858410688519806e-02 3.612372784062815034e-01 8.464021399288993441e-01
8.250226481279779311e-02 3.661552288457495807e-01 8.438417664105245519e-01
8.499261956292858411e-02 3.709906053771254708e-01 8.413358751697372906e-01
8.782078349976663034e-02 3.757475432631298684e-01 8.388844541668963872e-01
9.095822426264388305e-02 3.804292060268896214e-01 8.364899499301210462e-01
9.437481787635146335e-02 3.850402322412806444e-01 8.341484363165131422e-01
9.804302334762610149e-02 3.895840073324871589e-01 8.318594234069073279e-01
1.019371409599833245e-01 3.940632587619045668e-01 8.296241388622882518e-01
1.060327432768009559e-01 3.984813558908681941e-01 8.274404258226271125e-01
1.103077813183104827e-01 4.028412055525811830e-01 8.253070612825683661e-01
1.147423709453935514e-01 4.071452611340157235e-01 8.232239664900801168e-01
1.193185550055078648e-01 4.113958673823342460e-01 8.211908741990164851e-01
1.240203603411219047e-01 4.155955701816562153e-01 8.192058705211731073e-01
1.288336365258013760e-01 4.197464943026807394e-01 8.172682683056714525e-01
1.337457107679768387e-01 4.238504379666188093e-01 8.153784016702221304e-01
1.387455844145699668e-01 4.279094645814353060e-01 8.135347092522615675e-01
1.438235621084064386e-01 4.319253930149960508e-01 8.117362518776918279e-01
1.489710442486026354e-01 4.358998541013562877e-01 8.099825569853857932e-01
1.541803055517337318e-01 4.398342964293269208e-01 8.082737172571973217e-01
1.594449263677037987e-01 4.437303735371183055e-01 8.066081596515164431e-01
1.647590873485746954e-01 4.475894848077445753e-01 8.049852907160943705e-01
1.701175037861347161e-01 4.514128810611474640e-01 8.034050328679769315e-01
1.755155693472404688e-01 4.552018051341867877e-01 8.018669951368047055e-01
1.809494689008214752e-01 4.589575471808690632e-01 8.003700436327682022e-01
1.864156567519237861e-01 4.626812427174013531e-01 7.989136868653183843e-01
1.919106612441165427e-01 4.663738704801247414e-01 7.974982672050556776e-01
1.974317255340971022e-01 4.700365058402938279e-01 7.961231119895127994e-01
2.029765028547469985e-01 4.736702010265809171e-01 7.947873439844258536e-01
2.085427198543925442e-01 4.772759040481427406e-01 7.934905860528751464e-01
2.141278278385599920e-01 4.808544105597005180e-01 7.922335665338950950e-01
2.197301177469347389e-01 4.844066583137786597e-01 7.910155243799255054e-01
2.253480935681391184e-01 4.879335497792021692e-01 7.898356701285016435e-01
2.309801765171877186e-01 4.914359035915483731e-01 7.886937374904000597e-01
2.366243633362701826e-01 4.949144211524104109e-01 7.875905520694963524e-01
2.422792846332480488e-01 4.983698928730620481e-01 7.865258420635587999e-01
2.479440861776695537e-01 5.018031473474461324e-01 7.854985614291500884e-01
2.536175660597410064e-01 5.052149167011038555e-01 7.845085378520759711e-01
2.592984109683355021e-01 5.086058948509493138e-01 7.835559384147682271e-01
2.649845521896439515e-01 5.119766791748833201e-01 7.826423708562104675e-01
2.706759927609406757e-01 5.153280929005613631e-01 7.817658062001155983e-01
2.763717463816863229e-01 5.186608109432169211e-01 7.809261390973218919e-01
2.820708665435854301e-01 5.219754965730195595e-01 7.801232777240751926e-01
2.877720105849773669e-01 5.252727715634868400e-01 7.793578648725770774e-01
2.934735503609921525e-01 5.285532424321147671e-01 7.786310402064783309e-01
2.991757191277567562e-01 5.318176301968908781e-01 7.779409126550689280e-01
3.048777072860460735e-01 5.350665610834213215e-01 7.772874178451908422e-01
3.105787345832462520e-01 5.383006529567907483e-01 7.766704963141688456e-01
3.162780494363109929e-01 5.415205156494132810e-01 7.760900919990376678e-01
3.219739263731508649e-01 5.447267259371179060e-01 7.755477094795544257e-01
3.276659452568230768e-01 5.479199035432127385e-01 7.750428251693660675e-01
3.333541244102098955e-01 5.511006569877549000e-01 7.745743106779626741e-01
3.390378380311102058e-01 5.542695652640644566e-01 7.741420933951579375e-01
3.447164899771917868e-01 5.574271994484173431e-01 7.737460967628084774e-01
3.503895141493854615e-01 5.605741225892785229e-01 7.733862391540482495e-01
3.560563748976346421e-01 5.637108895569084011e-01 7.730624328378299381e-01
3.617165674166892275e-01 5.668380468616237566e-01 7.727745830368811797e-01
3.673682898985713430e-01 5.699561632476232154e-01 7.725245173143466815e-01
3.730123853100035247e-01 5.730657523336784021e-01 7.723102305208924268e-01
3.786485395906508677e-01 5.761673311275841147e-01 7.721314649037244182e-01
3.842763857920628023e-01 5.792614087339481577e-01 7.719880770628112510e-01
3.898955884230754232e-01 5.823484846474543675e-01 7.718799140922244506e-01
3.955058432796419998e-01 5.854290485548715450e-01 7.718068133702647993e-01
4.011068771670447397e-01 5.885035801512246145e-01 7.717686024536316580e-01
4.066984475135871357e-01 5.915725489738820064e-01 7.717650990728304183e-01
4.122803418769711570e-01 5.946364142577340584e-01 7.717961112250252276e-01
4.178523773467112679e-01 5.976956248140238293e-01 7.718614373596922595e-01
4.234143998473797743e-01 6.007506189348359449e-01 7.719608666516727391e-01
4.289662833489681359e-01 6.038018243247065264e-01 7.720941793556059807e-01
4.345079289916648491e-01 6.068496580603054413e-01 7.722611472352197692e-01
4.400392641331558052e-01 6.098945265786820391e-01 7.724615340605658353e-01
4.455602413271745887e-01 6.129368256941355453e-01 7.726950961660307149e-01
4.510708372423449242e-01 6.159769406433933669e-01 7.729615830618089545e-01
4.565710515305935746e-01 6.190152461584305099e-01 7.732607380914570117e-01
4.620609056543381610e-01 6.220521065659915250e-01 7.735922991282271344e-01
4.675404416815685527e-01 6.250878759126132778e-01 7.739559993029918594e-01
4.730097210576705291e-01 6.281228981137380041e-01 7.743515677568054700e-01
4.784688233624150855e-01 6.311575071253652247e-01 7.747787304114164275e-01
4.839178450601420711e-01 6.341920271365357742e-01 7.752372107513930688e-01
4.893568982505999698e-01 6.372267727808761384e-01 7.757267306118945660e-01
4.947861094273619531e-01 6.402620493653639056e-01 7.762470109665522422e-01
5.002056182501265491e-01 6.432981531144468246e-01 7.767977727103522190e-01
5.056155763365550726e-01 6.463353714276582895e-01 7.773787374328841038e-01
5.110155540304309740e-01 6.493740584989352582e-01 7.779904062913590712e-01
5.164049309934061194e-01 6.524145934965251969e-01 7.786335396043069235e-01
5.217851526832818498e-01 6.554570826739384293e-01 7.793061996021415361e-01
5.271564139870752452e-01 6.585017807195995276e-01 7.800081087886027165e-01
5.325189165796329060e-01 6.615489347637100170e-01 7.807389934828332656e-01
5.378728678770500204e-01 6.645987846843031122e-01 7.814985845096653616e-01
5.432184800335480013e-01 6.676515634158638468e-01 7.822866178593614883e-01
5.485559689832216756e-01 6.707074972591220430e-01 7.831028353154078081e-01
5.538849986817822035e-01 6.737668894612138804e-01 7.839477049882629389e-01
5.592040402777272989e-01 6.768302256158037489e-01 7.848232464387613350e-01
5.645155503546714915e-01 6.798973848312450663e-01 7.857263190259603514e-01
5.698197608766970568e-01 6.829685686459312510e-01 7.866566811492818889e-01
5.751169036328814821e-01 6.860439733669200235e-01 7.876140994812896867e-01
5.804072095234805717e-01 6.891237903709692691e-01 7.885983494289406925e-01
5.856904461084823099e-01 6.922082827724329590e-01 7.896098104539670537e-01
5.909644151420780922e-01 6.952980433213432621e-01 7.906513960274510477e-01
5.962322029620350516e-01 6.983927838979023806e-01 7.917192195860301984e-01
6.014940410495300815e-01 7.014926771067120370e-01 7.928130823632694169e-01
6.067501570801829835e-01 7.045978919478989022e-01 7.939327961490515451e-01
6.120007744432078844e-01 7.077085940856603363e-01 7.950781835803519826e-01
6.172424732251180490e-01 7.108255988800959990e-01 7.962537381769132505e-01
6.224791157382333351e-01 7.139484276637365623e-01 7.974546237741911847e-01
6.277109235225204475e-01 7.170772347536455982e-01 7.986806800003714013e-01
6.329381091633353718e-01 7.202121725992481904e-01 7.999317621953550006e-01
6.381593197723083311e-01 7.233536848015562626e-01 8.012097275481838698e-01
6.433740830773405639e-01 7.265020574051789248e-01 8.025153074745465798e-01
6.485848761189496603e-01 7.296570115884225549e-01 8.038454767149044722e-01
6.537918950261591977e-01 7.328186898520230308e-01 8.052001267291978293e-01
6.589945894578039809e-01 7.359873784913770756e-01 8.065801016867268913e-01
6.641907479320467989e-01 7.391636966136208020e-01 8.079883569319811221e-01
6.693837573203739177e-01 7.423471579125862085e-01 8.094207316051903467e-01
6.745737928098746172e-01 7.455378979346908297e-01 8.108771560264731448e-01
6.797600722262876483e-01 7.487362454610398954e-01 8.123587769150235616e-01
6.849407851179595275e-01 7.519427463119855437e-01 8.138680421978321533e-01
6.901191099496188919e-01 7.551569211383707403e-01 8.154010792053539847e-01
6.952951973833656485e-01 7.583789012675725694e-01 8.169578593470564476e-01
7.004672399602863697e-01 7.616092307630920599e-01 8.185408306359179820e-01
7.056354885508786534e-01 7.648480266047205101e-01 8.201498360036472146e-01
7.108020356968764997e-01 7.680950065308861374e-01 8.217823973164229967e-01
7.159670045408469408e-01 7.713503001695602990e-01 8.234385290316096340e-01
7.211270124256400349e-01 7.746148029765290710e-01 8.251226625877087217e-01
7.262855438868547342e-01 7.778879185768757809e-01 8.268305747007532736e-01
7.314429732600132850e-01 7.811697172186908844e-01 8.285619685671029577e-01
7.365975897808081374e-01 7.844607331855730781e-01 8.303191690912644640e-01
7.417495360844168495e-01 7.877610935949668214e-01 8.321021684910822058e-01
7.469008092727222881e-01 7.910705025209880947e-01 8.339086354972561344e-01
7.520508983141960258e-01 7.943892246630366305e-01 8.357393905606732565e-01
7.571975762280354072e-01 7.977179233771705125e-01 8.375973996164383095e-01
7.623439559224531870e-01 8.010560362187534311e-01 8.394789433673713885e-01
7.674900825540110771e-01 8.044036975628922059e-01 8.413841496049602187e-01
7.726329120886515911e-01 8.077617682370114016e-01 8.433170006442323174e-01
7.777755158763759447e-01 8.111296792315708659e-01 8.452738431287537546e-01
7.829181511247500502e-01 8.145075131147589964e-01 8.472545434819520604e-01
7.880583939443220887e-01 8.178959939887135988e-01 8.492623036481883325e-01
7.931981630798273786e-01 8.212948120005484354e-01 8.512949194844572354e-01
7.983381708106811470e-01 8.247039386174844777e-01 8.533516948237581667e-01
8.034763686140832251e-01 8.281240156680111930e-01 8.554353586008454080e-01
8.086140258407884529e-01 8.315548811985240540e-01 8.575445225271784988e-01
8.137520344502346958e-01 8.349964590238280193e-01 8.596782729339872420e-01
8.188885338663546287e-01 8.384493523440379459e-01 8.618390992947509988e-01
8.240245232804248587e-01 8.419134595670753063e-01 8.640259549125753891e-01
8.291608572717144021e-01 8.453887097133112594e-01 8.662379781288250813e-01
8.342957277468482369e-01 8.488757004159254160e-01 8.684775859803377518e-01
8.394301243898829590e-01 8.523743278117417166e-01 8.707437499256258651e-01
8.445646995853672845e-01 8.558845687523570778e-01 8.730358622690677084e-01
8.496976068971876517e-01 8.594070387078265316e-01 8.753563777078161579e-01
8.548299729181159101e-01 8.629415949974315048e-01 8.777041060371696402e-01
8.599621262164186541e-01 8.664882960624546993e-01 8.800788394652048208e-01
8.650921247382504786e-01 8.700477911125163999e-01 8.824831375829375046e-01
8.702212647741044416e-01 8.736198901425707986e-01 8.849156092993638589e-01
8.753494570024890065e-01 8.772047614779404645e-01 8.873765559570918615e-01
8.804746199301995979e-01 8.808031013460281278e-01 8.898686910436089947e-01
8.855981279042132170e-01 8.844146968739815540e-01 8.923905340755627913e-01
8.907191407404765338e-01 8.880399200137135685e-01 8.949432891710521476e-01
8.958360593803230687e-01 8.916793504259689085e-01 8.975290673014075793e-01
9.009493722715806729e-01 8.953330121237134120e-01 9.001474581842378031e-01
9.060575781064830192e-01 8.990014653896898356e-01 9.028004432433383020e-01
9.111591309590778565e-01 9.026852892274057627e-01 9.054900445533129449e-01
9.162531533926762117e-01 9.063848863614633045e-01 9.082174738584264384e-01
9.213368312686471828e-01 9.101011940056145111e-01 9.109862435216412591e-01
9.264072318276196372e-01 9.138351933448496389e-01 9.137999824262781345e-01
9.314599848228704015e-01 9.175882741333941661e-01 9.166639991119078790e-01
9.364866390780440808e-01 9.213629754012837569e-01 9.195883889448255299e-01
9.414715001703687358e-01 9.251638857068250621e-01 9.225917113812258652e-01
9.463470914425774483e-01 9.290101343908121478e-01 9.257532417012246384e-01
